$ANSIBLE_VAULT;1.1;AES256
39386232646464616433666130333434373561363763653933393637303433363763666433653464
3036373031623931363937393635333230643734366564660a353534666538623831353565666363
34396165306437646665333032386439626164613031656538396138656336393635386237666138
3761323663306133620a623939313665363265656665363137333764393335316238653162616366
38613339396134313338663363643138303037643038363066663038373934393464393432323532
64633536643437633161343832663330336236303137316135656361386336353461336661326535
35376535393333353238623131383232383265333466656161626161393764653735336564373833
34643163336332666163393839383434393436343137613266656363303434316431333465386437
65373133393063643266383330323831663632653030623762613032343766353032396465396632
64303232656330643036633735663737313736336463663765363134653139666439363763343663
64663761393665613131656163303739613363323061656332353532323436386438366461313139
65376333666133353563616535306661653936336237633836613336623666633930303064303938
33646665386133356431623132616365373932383539666236373035663962656161646532363866
39343862663931333564626237373630633135623230376136323138336338376261363633386361
39336433386261363137303330386638613763316138306539393639353062336132636433366432
36353231663138363535396539643935613265303734343463643266633734393563313334666165
36346337383935386434313032343061333636366361353732313763623562616566386634393632
33623239393233386438363731303530363936343439366165613165643339646262643562373262
37306437336266666138366532313336313130363766656432633337643535363537623463633164
34356630313530663334323461636663393362303336316264653533363236363837393362663162
35653162333733353830393038383435376564306632373235636337373539363735383861636430
64313230613032646165363232366435363033643165313062373564656331616664653236333962
62616632626663653764393432626131396331396439336166373061333062393162313337623834
63613265623839626563396130323033383030393264633830356233626161656331336261656262
30663066666565326538653537356430366133383633623361333861613538383164663233653531
34636563343638343134313436313532613430373566353235666337336164303466643366336230
64623766353133383064306661343363373439383536663663656261646361366564663539363430
62633330633133653931326239356264356661653435323236373030633836363834306338303061
36613432373461613133643133316533303833353563333764343039663333336533303331323935
39646238613465613463396232356134636662653561346466666438383637346366663237643664
30613261343733356138626363373933346233636133366664323537363335343231646562303636
66386430396130623531323931363238373361343264346232303136613736386265373639333463
64613466393137326135363466333636346438386136643134326131326262663334383062616532
39646130653263656539613263353334353739663466313631656230373734646662383030373136
34323930626665393265316132616631626161396333353861343131346338303662643337363661
64343366373339616133616336373662326632306466313961326564393165323265386461663638
39623734646434613939383263326466656432633232653832353930383634356330613938396331
62636338313738333434343062303530636638303132666438353332353065386630636463663030
30303635373333373331353766646632313836663733313834303332313932323036616430613163
65393335316239633663653564336330346334643932373935316435663836613662396233623162
34636538353438323862323635636134613366613831343733626661383039636665386265316135
30666237333234376235643838653831663565343134363138626333323734336137653062396136
343761663763643366646230633632393663
